lo taylor w/o disc 

extrapolation: 0.8138(32) 
 Least Square Fit:
  chi2/dof [dof] = 1.3 [16]    Q = 0.19    logGBF = 47.379

Parameters:
   m_{proton,0}     0.8019 (38)      [     0.90 (40) ]  
   b_{proton,2}      0.876 (53)      [     2.0 (2.0) ]  
       eps_pi 0    0.24869 (67)      [  0.24845 (71) ]  
              1    0.11603 (32)      [  0.11619 (33) ]  
              2    0.18199 (37)      [  0.18197 (37) ]  
              3    0.24613 (44)      [  0.24619 (44) ]  
              4    0.26935 (57)      [  0.26949 (58) ]  
              5    0.29809 (52)      [  0.29819 (54) ]  
              6    0.11362 (33)      [  0.11360 (33) ]  
              7    0.18163 (40)      [  0.18155 (42) ]  
              8    0.24491 (49)      [  0.24486 (51) ]  
              9    0.27047 (65)      [  0.27063 (69) ]  
             10    0.29870 (49)      [  0.29840 (52) ]  
             11    0.11494 (20)      [  0.11492 (20) ]  
             12    0.18086 (30)      [  0.18084 (31) ]  
             13    0.24560 (46)      [  0.24543 (47) ]  
             14    0.27422 (50)      [  0.27412 (52) ]  
             15    0.30357 (52)      [  0.30374 (54) ]  

n2lo taylor w/o disc:

extrapolation: 0.8150(36) 
 Least Square Fit:
  chi2/dof [dof] = 1.3 [16]    Q = 0.21    logGBF = 47.352

Parameters:
   m_{proton,0}     0.8046 (54)      [     0.90 (40) ]  
   b_{proton,2}       0.76 (18)      [     2.0 (2.0) ]  
   b_{proton,4}       1.1 (1.5)      [     0.0 (2.0) ]  
       eps_pi 0    0.24866 (68)      [  0.24845 (71) ]  
              1    0.11604 (32)      [  0.11619 (33) ]  
              2    0.18199 (37)      [  0.18197 (37) ]  
              3    0.24612 (44)      [  0.24619 (44) ]  
              4    0.26934 (57)      [  0.26949 (58) ]  
              5    0.29810 (52)      [  0.29819 (54) ]  
              6    0.11362 (33)      [  0.11360 (33) ]  
              7    0.18163 (40)      [  0.18155 (42) ]  
              8    0.24489 (49)      [  0.24486 (51) ]  
              9    0.27044 (65)      [  0.27063 (69) ]  
             10    0.29872 (49)      [  0.29840 (52) ]  
             11    0.11494 (20)      [  0.11492 (20) ]  
             12    0.18086 (30)      [  0.18084 (31) ]  
             13    0.24559 (46)      [  0.24543 (47) ]  
             14    0.27421 (51)      [  0.27412 (52) ]  
             15    0.30360 (52)      [  0.30374 (54) ]  

n2lo taylor + lo xpt, no disc:

extrapolation: 0.8235(36) 
 Least Square Fit:
  chi2/dof [dof] = 1.5 [16]    Q = 0.091    logGBF = 45.513

Parameters:
   m_{proton,0}     0.8394 (54)      [     0.90 (40) ]  
   b_{proton,2}       3.17 (18)      [     2.0 (2.0) ]  
   b_{proton,4}      -3.1 (1.5)      [     0.0 (2.0) ]  *
       eps_pi 0    0.24852 (68)      [  0.24845 (71) ]  
              1    0.11613 (32)      [  0.11619 (33) ]  
              2    0.18199 (37)      [  0.18197 (37) ]  
              3    0.24608 (44)      [  0.24619 (44) ]  
              4    0.26932 (57)      [  0.26949 (58) ]  
              5    0.29817 (52)      [  0.29819 (54) ]  
              6    0.11364 (33)      [  0.11360 (33) ]  
              7    0.18157 (40)      [  0.18155 (42) ]  
              8    0.24480 (49)      [  0.24486 (51) ]  
              9    0.27035 (66)      [  0.27063 (69) ]  
             10    0.29881 (49)      [  0.29840 (52) ]  
             11    0.11497 (20)      [  0.11492 (20) ]  
             12    0.18083 (30)      [  0.18084 (31) ]  
             13    0.24551 (46)      [  0.24543 (47) ]  
             14    0.27417 (51)      [  0.27412 (52) ]  
             15    0.30373 (52)      [  0.30374 (54) ] 

